theta = 0:10:350;
theta = theta/180*pi;
I = [0614 0619 0611 0589 0571 0569 0551 0533 0512 0496 0500 0502 0495 0547 0551 0526 0517 0536 0527 0547 0586 0575 0570 0551 0531 0527 0542 0521 0578 0579 0520 0527 0527 0608 0590 0580];
I = I/1000;