plate = 0:10:90;
analyzer = [0 20 40 58 75 100 120 144 165 184];
err = [2 2 2 2 2 2 2 2 2 2];